[AlCl62X_Bernath]
y00 = 0
y10 = 481.774655196
y20 = -2.1018112876
y30 = 6.6384148e-3
y40 = -2.0255830e-5
y01 = 2.4393006612e-1
y11 = -1.6110822121e-3
y21 = 4.69192358e-6
y31 = -5.282295e-9
y02 = -2.501711190e-7
y12 = 4.4226215e-10
y22 = 7.026202e-12
y03 = -4.652338e-14
y04 = 9.585719e-19

[AlCl64X_Bernath]
y00 = 0
y10 = 476.074113239
y20 = -2.052564107
y30 = 6.4212139e-3
y40 = -1.93132669e-5
y01 = 2.3819081513e-1
y11 = -1.5545513121e-3
y21 = 4.47241228e-6
y31 = -4.97694312e-9
y02 = -2.384823250e-7
y12 = 4.1825323e-10
y22 = 8.096429e-12
y03 = -6.055366e-14
y04 = 8.71394234e-19

[AlCl62A_Ram_Fit]
y00 = 38255.295392592016
y10 = 453.1670417172005
y20 = -6.405261581267065
y30 = 0.13813275187452023
y40 = -0.018906979834440316
y01 = 0.24475995666945832
y11 = -0.001511001341983232
y21 = -0.00015264192437890235
y31 = -4.348743464540916e-06
y02 = -6.510941450636462e-07
y12 = -2.5067583335925977e-08
y22 = -4.3443662287663363e-10
y03 = 4.302694785563549e-11
y04 = -1.4109059711186257e-15

[AlCl62A_Ram_Paper]
y00 = 0
y10 = 0
y20 = 0
y01 = 2.45375e-1
y11 = 2.519e-3
y02 = -2.78e-7
y12 = -1.2e-8
y21 = -3.99e-5

