[AlCl62X_Bernath]
y00 = 0
y10 = 481.774655196
y20 = -2.1018112876
y30 = 6.6384148e-3
y40 = -2.0255830e-5
y01 = 2.4393006612e-1
y11 = -1.6110822121e-3
y21 = 4.69192358e-6
y31 = -5.282295e-9
y02 = -2.501711190e-7
y12 = 4.4226215e-10
y22 = 7.026202e-12
y03 = -4.652338e-14
y04 = 9.585719e-19

[AlCl64X_Bernath]
y00 = 0
y10 = 476.074113239
y20 = -2.052564107
y30 = 6.4212139e-3
y40 = -1.93132669e-5
y01 = 2.3819081513e-1
y11 = -1.5545513121e-3
y21 = 4.47241228e-6
y31 = -4.97694312e-9
y02 = -2.384823250e-7
y12 = 4.1825323e-10
y22 = 8.096429e-12
y03 = -6.055366e-14
y04 = 8.71394234e-19

[AlCl62A_Ram_Fit]
y00 = 38222.841760461226
y10 = 473.02037225203446
y20 = -10.727540514981108
y30 = 0.5302483053811728
y40 = -0.031732405933806045
y01 = 0.253699261394858
y11 = -0.0066027210920596765
y21 = 0.0006240192797140158
y31 = -4.236530477038982e-05
y02 = -6.018403121943338e-07
y12 = 7.335344873001248e-08
y22 = -1.0252175343136856e-08
y03 = 9.24646647020201e-12
y04 = -1.4070118436747654e-16

[AlCl62A_Ram_Paper]
y00 = 0
y10 = 0
y20 = 0
y01 = 2.45375e-1
y11 = 2.519e-3
y02 = -2.78e-7
y12 = -1.2e-8
y21 = -3.99e-5

