[AlCl62X_Bernath]
Y00 = 0
Y10 = 481.774655196
Y20 = -2.1018112876
Y30 = 6.6384148e-3
Y40 = -2.0255830e-5
Y01 = 2.4393006612e-1
Y11 = -1.6110822121e-3
Y21 = 4.69192358e-6
Y31 = -5.282295e-9
Y02 = -2.501711190e-7
Y12 = 4.4226215e-10
Y22 = 7.026202e-12
Y03 = -4.652338e-14
Y04 = 9.585719e-19

[AlCl64X_Bernath]
Y00 = 0
Y10 = 476.074113239
Y20 = -2.052564107
Y30 = 6.4212139e-3
Y40 = -1.93132669e-5
Y01 = 2.3819081513e-1
Y11 = -1.5545513121e-3
Y21 = 4.47241228e-6
Y31 = -4.97694312e-9
Y02 = -2.384823250e-7
Y12 = 4.1825323e-10
Y22 = 8.096429e-12
Y03 = -6.055366e-14
Y04 = 8.71394234e-19

[AlCl62A_Ram_Fit_2]
Y00 = 37774.974335233
Y10 = 355.045860259
Y20 = -6.648526427
Y01 = 5.783880890e-2
Y11 = 4.454842797
Y21 = -2.544299834e-3
Y02 = 8.860975890e-6
Y12 = -2.408876577e-6
Y22 = 1.128994271e-9

[AlCl62A_Ram_Fit_3]
Y00 = 38447.441470806
Y10 = 174.575408120
Y20 = 9.966949886
Y30 = -4.965437174e-1
Y01 = -3.620055819e-1
Y11 = 1.502977991e-1
Y21 = -1.220241208e-2
Y02 = 5.140242341e-5
Y12 = -8.106123748e-6
Y22 = 3.972510262e-7
Y03 = -1.244943038e-9

[AlCl62A_Ram_Paper]
Y00 = 0
Y10 = 0
Y20 = 0
Y01 = 2.45375e-1
Y11 = 2.519e-3
Y02 = -2.78e-7
Y12 = -1.2e-8
Y21 = -3.99e-5